Canopy
0.22
0.29
0.52
0.41
0.44
0.28
0.33
0.36
0.71
0.44
0.33
0.68
0.38
0.54
0.36
0.48
0.48
0.48
0.49
0.54
0.46
0.5
0.48
0.53
0.51
0.55
0.36
0.5
0.6
0.51
0.68
0.45
0.4
0.61
0.48
0.51
0.4
0.49
0.55
0.72
0.62
0.65
0.54
0.53
0.66
0.46
0.58
0.6
0.84
0.55
0.55
0.65
0.66
0.6
0.39
0.45
0.63
0.49
0.56
0.53
0.53
0.62
0.6
0.71
0.65
0.53
0.71
0.7
0.57
0.58
0.61
0.73
0.55
0.5
0.58
0.48
0.55
0.63
0.63
0.58
0.6
0.59
0.45
0.76
0.56
0.57
0.7
0.61
0.61
0.67
0.64
0.5
0.75
0.57
0.61
0.66
0.42
0.68
0.66
0.67
0.8
0.53
0.73
0.64
0.56
0.73
0.75
0.76
0.82
0.76
0.69
0.7
0.67
0.81
0.55
0.71
0.74
0.82
0.51
0.69
0.7
0.68
0.8
0.76
0.63
0.53
0.78
0.64
0.77
0.84
0.54
0.84
0.69
0.72
0.81
0.79
0.81
0.69
0.8
0.86
0.88
0.8
0.86
0.75
0.87
0.86
0.8
0.89
0.86
0.71
0.8
0.78
0.86
0.92
0.77
0.86
0.91
0.87
0.9
0.81
0.85
0.82
0.93
0.84
1
0.93
0.83
0.93
0.77
0.84
0.83
0.84
0.92
0.9
0.79
0.84
0.79
0.82
0.84
0.8
0.91
0.76
0.86
0.91
0.91
0.9
0.86
0.71
0.8
0.84
1
0.88
0.91
0.88
0.91
0.92
1
0.95
0.91
0.99
0.92
0.85
0.96
0.99
0.94
0.99
0.98
0.97
0.84
0.88
0.98
0.99
1
0.96
0.98
1
0.87
0.93
0.91
0.89
1
0.97
0.96
0.94
